# id1  id2 numb_interact
   1   55    8
   1   63    2
   1  101    1
   1  106    4
   1  117   18
   1  170    8
   1  179    1
   1  196   38
   1  199    2
   1  202    1
   1  205   47
   1  252    5
   1  364    2
   1  494  123
   1  640    1
   1  653    1
   1  778   10
   1  779    1
   1  871    2
   1  883    2
   1  894    3
   1  939   85
   1 1201    1
   3   27    2
   3   28   27
   3   46   10
   3   58    1
   3   61    7
   3   63    2
   3   65    1
   3  106    7
   3  132    1
   3  147 1682
   3  156    1
   3  160    9
   3  171    1
   3  177    3
   3  184   86
   3  196    2
   3  202    1
   3  213    1
   3  226   24
   3  239    3
   3  257    2
   3  267    1
   3  268    5
   3  272    4
   3  295   12
   3  312    3
   3  327    5
   3  333    1
   3  339   94
   3  353   64
   3  372    7
   3  407   29
   3  429    8
   3  441    1
   3  464    4
   3  477   62
   3  498    3
   3  504    4
   3  527    1
   3  544    2
   3  545   11
   3  612    2
   3  626    1
   3  653   97
   3  674    1
   3  694    2
   3  720   18
   3  763   21
   3  836    1
   3  884 1611
   3  886    1
   3  979    2
   3  991    6
   3 1216    1
   3 1336    1
   3 1512    1
   4   47   27
   4   90  492
   4  125   84
   4  227    2
   4  232    1
   4  241  151
   4  246    7
   4  248    2
   4  258    1
   4  306    2
   4  325  117
   4  333   93
   4  424  511
   4  440    5
   4  446    2
   4  452  134
   4  491    7
   4  615   10
   4  622   18
   4  624   10
   4  647    6
   4  769   56
   4  790   20
   4  797    5
   4  798    1
   4  909    3
   4  917    1
   4  921    3
   4  959   12
   4  960    1
   4  977    3
   4 1201    2
   4 1359    3
   4 1383    1
   4 1401    1
   9   14    2
   9   15    5
   9   21   20
   9   45   74
   9   48  224
   9   58    2
   9   65    1
   9   71   11
   9   79   38
   9   80   18
   9   85    1
   9   89   15
   9   92    4
   9  115    1
   9  116    3
   9  120    1
   9  134   91
   9  160    1
   9  172    4
   9  194   13
   9  200    5
   9  210    2
   9  211    3
   9  232  252
   9  242    5
   9  243    2
   9  253    6
   9  254   78
   9  256    1
   9  267    1
   9  280    2
   9  285    5
   9  311   47
   9  322   29
   9  327    1
   9  353    1
   9  372    6
   9  382   15
   9  388    3
   9  413   41
   9  448  155
   9  453  284
   9  471    1
   9  480    2
   9  488   36
   9  492   17
   9  496   59
   9  502    1
   9  525    1
   9  601  158
   9  605    1
   9  634    1
   9  674    1
   9  681    1
   9  706    3
   9  743    1
   9  751   14
   9  765    3
   9  826    6
   9  845    1
   9  923    2
   9  941   20
   9  954    1
   9  998  165
   9 1320    1
   9 1332    1
   9 1512    1
   9 1518    3
   9 1828    1
  14   45    1
  14   58   48
  14  115    3
  14  116   18
  14  131    1
  14  176  153
  14  181    3
  14  185   15
  14  190   46
  14  210    1
  14  213    1
  14  214   36
  14  222    3
  14  254   29
  14  256   21
  14  267   10
  14  269    1
  14  276   14
  14  306    5
  14  335   32
  14  356   15
  14  382   18
  14  388    1
  14  390    8
  14  520   10
  14  533    1
  14  548    8
  14  603    2
  14  621   11
  14  744    6
  14  765    1
  14  786   11
  14  867    1
  14  923   28
  14  938    4
  14  998    2
  14 1518    1
  15   21   28
  15   45  100
  15   48   14
  15   71    9
  15   79    1
  15   80   21
  15   89   16
  15   92    3
  15  120    8
  15  134    2
  15  172    7
  15  194   73
  15  200  102
  15  210  162
  15  211   99
  15  232    7
  15  241    3
  15  242  138
  15  253    1
  15  285   72
  15  311    4
  15  322   14
  15  388    3
  15  413   51
  15  448   11
  15  450    1
  15  453    3
  15  480   18
  15  488   23
  15  492    4
  15  496    8
  15  513    1
  15  601    2
  15  706    2
  15  743    1
  15  771    2
  15  791    1
  15  826   53
  15  845   71
  15  998   29
  15 1401    1
  20   41   57
  20   54    1
  20   58    1
  20  274    8
  20  277   53
  20  279   15
  20  280    1
  20  290   40
  20  376    7
  20  387   11
  20  435    1
  20  438   83
  20  445   24
  20  466    2
  20  497    1
  20  510   36
  20  513  299
  20  525    1
  20  638   10
  20  655   59
  20  702    1
  20  777    2
  20  841   33
  20  866    4
  20  869    3
  20  908    1
  20  958  152
  20 1320    6
  20 1332    1
  20 1359   21
  20 1518    1
  21   71    4
  21   89    5
  21   92   17
  21  120    2
  21  194   21
  21  200   43
  21  210    2
  21  211   32
  21  232    6
  21  242   72
  21  254    1
  21  322    4
  21  388    1
  21  413  164
  21  448    2
  21  480   15
  21  488    1
  21  492    3
  21  601    1
  21  706    5
  21  743    1
  21  765    1
  21  771    8
  21  791    5
  21  826  599
  21  845    6
  21 1870    1
  27   28   94
  27   61    3
  27   63   19
  27  147    7
  27  171   59
  27  173  239
  27  179   14
  27  184    2
  27  226    1
  27  232    1
  27  257    4
  27  265    1
  27  268    1
  27  275    1
  27  295    2
  27  312    1
  27  327   12
  27  353    1
  27  372   42
  27  407   20
  27  429    1
  27  441    2
  27  464    1
  27  477  246
  27  498    1
  27  504    2
  27  544    2
  27  612    1
  27  674    2
  27  720   84
  27  763    1
  27  797    1
  27  884    8
  27  886    1
  27  945    1
  27  979   11
  27 1518    1
  28   46    1
  28   61    1
  28  147   57
  28  160    6
  28  171   77
  28  177    4
  28  184   10
  28  202    2
  28  214    1
  28  226  165
  28  272    1
  28  275    1
  28  295   31
  28  311    1
  28  312    1
  28  327  273
  28  339    1
  28  353   13
  28  372   16
  28  400   33
  28  407  123
  28  429   92
  28  441   15
  28  464    1
  28  471    1
  28  477   48
  28  489    2
  28  504    3
  28  544    2
  28  545    5
  28  653   50
  28  720   34
  28  763    6
  28  884   19
  28  941    1
  28  945   19
  28  954   82
  28  970    1
  28  979    1
  32   58    4
  32  131   46
  32  176    1
  32  194  116
  32  227  156
  32  232    1
  32  241   32
  32  248    3
  32  333    4
  32  440   32
  32  452    1
  32  491    1
  32  624    3
  32  674    1
  32  797   10
  32  893    1
  32  917    1
  32  920  137
  32  958    3
  32  960    2
  32  977    6
  32 1212    1
  32 1359    1
  32 1423   58
  34   38   72
  34   41    8
  34   54   16
  34  151   54
  34  156    4
  34  159    3
  34  201  207
  34  211    2
  34  220    5
  34  236    1
  34  242    2
  34  243    8
  34  245    5
  34  285    1
  34  335    1
  34  372    2
  34  387    3
  34  424    2
  34  429    3
  34  502    8
  34  525    1
  34  605    3
  34  634    7
  34  642    3
  34  658   11
  34  687    4
  34  691    2
  34  694    1
  34  753    2
  34  866   45
  34  869    4
  34  874    4
  34 1870  108
  34 1894   27
  38   41   18
  38   54    7
  38   65    1
  38   72    1
  38  119    1
  38  151   25
  38  156    5
  38  159    3
  38  171    2
  38  179    1
  38  185    2
  38  201   44
  38  205    2
  38  210    1
  38  213    1
  38  219    3
  38  220  145
  38  243  627
  38  245   14
  38  269    6
  38  322    2
  38  372    2
  38  382    1
  38  387    8
  38  420    6
  38  454    1
  38  502    8
  38  525    1
  38  564    1
  38  577    9
  38  582    2
  38  605   16
  38  634  235
  38  640    3
  38  642   28
  38  653    1
  38  658   36
  38  677    1
  38  687   10
  38  691    6
  38  694    4
  38  753    8
  38  866   64
  38  869    7
  38  874    4
  38  958    1
  38 1216    2
  38 1332   20
  38 1359    2
  38 1412    1
  38 1512    1
  38 1805    1
  39   46    1
  39   63    1
  39  101   11
  39  106    8
  39  111    1
  39  117   27
  39  119    3
  39  122    2
  39  170    2
  39  179    1
  39  190    1
  39  196   43
  39  205    7
  39  240    9
  39  252   63
  39  265  707
  39  275    3
  39  346    5
  39  364   66
  39  372    1
  39  374    1
  39  376    1
  39  445    1
  39  447    2
  39  494    1
  39  605    1
  39  626   16
  39  649    1
  39  677    1
  39  720   16
  39  871  967
  39  883    1
  39  894    1
  39  939    3
  39  959    1
  41   54    6
  41  106    2
  41  119    1
  41  151    2
  41  156    1
  41  159    1
  41  201    3
  41  219   19
  41  220    6
  41  243    3
  41  245    1
  41  353    1
  41  387   13
  41  390   15
  41  391    1
  41  420    1
  41  513   62
  41  525    3
  41  576    1
  41  582   10
  41  605   77
  41  624    9
  41  634 1290
  41  640    1
  41  642    4
  41  655    4
  41  658  571
  41  687    6
  41  691    1
  41  694   11
  41  753    1
  41  866   21
  41  869   17
  41  874    1
  41  938    1
  41 1237    7
  41 1320    2
  41 1332    4
  41 1412    1
  41 1518    1
  41 1543    1
  41 1828    1
  45   48  438
  45   61    1
  45   63    1
  45   71    3
  45   79  223
  45   80    3
  45   89    4
  45   92    4
  45  120    8
  45  122    2
  45  134    9
  45  172    2
  45  179    1
  45  194    1
  45  200    2
  45  202   16
  45  210  107
  45  211    4
  45  232    7
  45  242    2
  45  253    2
  45  254   19
  45  256    2
  45  279    1
  45  280    2
  45  285   17
  45  311   24
  45  322   12
  45  335    4
  45  372    2
  45  376    1
  45  382    1
  45  388    4
  45  413    6
  45  448    5
  45  453   32
  45  471    1
  45  480    6
  45  488   21
  45  492   11
  45  496    5
  45  497    1
  45  525    1
  45  545   16
  45  582    1
  45  601   15
  45  622    1
  45  674  102
  45  706   10
  45  743   10
  45  765   23
  45  784    1
  45  845    1
  45  882    2
  45  977    1
  45  998    4
  45 1204    2
  45 1228    2
  45 1518    2
  46   61    6
  46   63    1
  46  117    6
  46  147    3
  46  160    1
  46  170    1
  46  179    1
  46  196   46
  46  226    1
  46  257   19
  46  268  106
  46  306    1
  46  339    7
  46  353   20
  46  364    4
  46  424    1
  46  441   18
  46  464    3
  46  504   12
  46  674    1
  46  720    3
  46  884   18
  46  886    1
  47  125    1
  47  241  406
  47  246    1
  47  306    1
  47  325   36
  47  333    2
  47  424    8
  47  446    1
  47  491    1
  47  622    2
  47  769   32
  47  921    1
  47  960    7
  47 1359    1
  48   79   28
  48   80    1
  48   89   14
  48  120    3
  48  134    1
  48  196    1
  48  200    1
  48  232   17
  48  253    1
  48  254   32
  48  265    1
  48  285    7
  48  311   11
  48  322    2
  48  382    1
  48  388    1
  48  413    1
  48  453    4
  48  480    2
  48  492   10
  48  496   40
  48  601    4
  48  706    2
  48  779   44
  48  845   19
  48  998    4
  48 1214    1
  48 1216    1
  48 1512    1
  54  115    1
  54  151  301
  54  156    2
  54  159   28
  54  201  168
  54  219    2
  54  220    1
  54  243    2
  54  245    1
  54  279   15
  54  290    4
  54  446    1
  54  454    1
  54  502    1
  54  525    8
  54  564    1
  54  576    2
  54  577    2
  54  582    3
  54  605   18
  54  634    1
  54  640    4
  54  642   33
  54  658    2
  54  691    6
  54  753   56
  54  866  389
  54  869  201
  54  874    2
  54  908    4
  54 1218    1
  54 1237    1
  54 1238    2
  54 1260   40
  54 1332    3
  54 1543    7
  54 1784   13
  55  101    4
  55  106   28
  55  117   26
  55  170  808
  55  179    3
  55  196    2
  55  202   82
  55  205    8
  55  240    2
  55  252  315
  55  265   11
  55  272   48
  55  275    1
  55  364    8
  55  425    2
  55  447    2
  55  494    9
  55  545    5
  55  626    2
  55  653   44
  55  674   23
  55  778   10
  55  779  809
  55  871    5
  55  883   23
  55  894    5
  55  939   10
  58   85    7
  58  115  156
  58  116  131
  58  131   41
  58  134    4
  58  151    1
  58  176   99
  58  181   19
  58  185    9
  58  190    2
  58  209   19
  58  211    2
  58  213    1
  58  227    3
  58  232    1
  58  241    1
  58  254   18
  58  256   64
  58  267   35
  58  269    4
  58  276    9
  58  322    1
  58  335  120
  58  356  236
  58  382    5
  58  388    3
  58  390   42
  58  413    2
  58  450  143
  58  496    1
  58  533   37
  58  548   74
  58  603    3
  58  615    2
  58  621    1
  58  744    8
  58  765   30
  58  786    3
  58  836  191
  58  843    1
  58  867   36
  58  884    1
  58  923    4
  58  938   59
  58  941    1
  58  984    1
  58 1518    2
  61   63    1
  61  101    1
  61  147    6
  61  160  242
  61  171    1
  61  177    4
  61  179    7
  61  184   33
  61  196    5
  61  202    1
  61  226   85
  61  239   84
  61  257   76
  61  268    7
  61  272    2
  61  295    3
  61  312   19
  61  327    5
  61  339    2
  61  346    1
  61  353  123
  61  372    6
  61  407    1
  61  424    1
  61  429    6
  61  440    1
  61  441    4
  61  464  527
  61  477    1
  61  491    1
  61  504   24
  61  525    1
  61  544   27
  61  612  126
  61  720   29
  61  763    1
  61  778    1
  61  779    1
  61  784    1
  61  797    3
  61  884    7
  61  886   31
  61  927    1
  61  958    1
  61  979   42
  61  984    1
  62  145    8
  62  945    1
  63   70    1
  63  101   11
  63  106    2
  63  117    4
  63  119    2
  63  122    3
  63  125    6
  63  132    1
  63  170    1
  63  173    7
  63  179  717
  63  196    5
  63  199  844
  63  202    3
  63  232    4
  63  240   37
  63  272    3
  63  275    3
  63  346    2
  63  364    1
  63  425    3
  63  447    3
  63  494    2
  63  545    2
  63  576    1
  63  626    3
  63  649    1
  63  653    4
  63  674   45
  63  720    1
  63  778    6
  63  779    1
  63  883    2
  63  884    1
  63  894    2
  63  927    1
  63  939    1
  63 1212    1
  63 1332    1
  63 1412    1
  65   72   33
  65  111    2
  65  122    1
  65  124    4
  65  145    1
  65  147   28
  65  177   83
  65  184    1
  65  295    3
  65  353    4
  65  374   16
  65  400   10
  65  407   70
  65  428    1
  65  443    5
  65  465    1
  65  471    4
  65  475    1
  65  487    9
  65  489    2
  65  498    3
  65  527   16
  65  531   49
  65  637    4
  65  653    3
  65  674   11
  65  677   35
  65  809  370
  65  854   29
  65  857    1
  65  859   11
  65  945   35
  65  954   32
  65  970    9
  65  984   28
  65  991  634
  70  101   15
  70  106    2
  70  111    1
  70  119   29
  70  122   53
  70  132  635
  70  145    2
  70  179    8
  70  184   18
  70  196    2
  70  199   29
  70  202    8
  70  205    1
  70  240  123
  70  255    5
  70  265    2
  70  272    3
  70  275    3
  70  279    1
  70  327   23
  70  346    5
  70  364    1
  70  374    6
  70  425   83
  70  447   66
  70  527    1
  70  545    1
  70  605    1
  70  626    4
  70  649   22
  70  653    3
  70  778    6
  70  779    2
  70  883    3
  70  954    1
  70 1518    1
  71   79    3
  71   80   43
  71   87    1
  71   89    1
  71   92  552
  71  120    1
  71  125    1
  71  134    1
  71  172    1
  71  194   10
  71  200   15
  71  210   10
  71  211   27
  71  242   16
  71  285   69
  71  311    3
  71  322    3
  71  388    2
  71  390    2
  71  413    3
  71  448   24
  71  450    1
  71  453    2
  71  480    6
  71  488    3
  71  492    4
  71  496    9
  71  601    5
  71  706    3
  71  791    7
  71  826    5
  71  845   24
  71  882    1
  71  998    2
  72  111    3
  72  124    1
  72  145    2
  72  147   20
  72  177   15
  72  184   18
  72  272    1
  72  275    3
  72  295   17
  72  312    1
  72  325    1
  72  353   13
  72  374    1
  72  407   28
  72  424    1
  72  428    4
  72  443    5
  72  465    1
  72  471    5
  72  475    1
  72  486    1
  72  487    1
  72  489    2
  72  498    2
  72  527    1
  72  531    3
  72  627   15
  72  650    5
  72  653    9
  72  674  394
  72  677    2
  72  725    1
  72  763    3
  72  778    1
  72  809    4
  72  857   14
  72  859    1
  72  871    1
  72  938    1
  72  954  124
  72  970    2
  72  984    4
  72  991   25
  72 1412    1
  72 1805    1
  79   80    2
  79   89   69
  79   92    2
  79  120    4
  79  134    3
  79  200    4
  79  210    4
  79  232    6
  79  253    2
  79  254   15
  79  275    1
  79  280    1
  79  285    5
  79  311   37
  79  322    2
  79  335    1
  79  372    1
  79  388    8
  79  448   27
  79  453   21
  79  480    3
  79  488    1
  79  489    1
  79  492    3
  79  496    7
  79  601   44
  79  674   35
  79  706    4
  79  836    2
  79  845    3
  79  941    1
  79  970    1
  79  998    3
  79 1228    1
  79 1332    1
  79 1412    1
  80   87    5
  80   89    4
  80   92    7
  80  120   61
  80  134    3
  80  172  309
  80  176    1
  80  194    4
  80  200   17
  80  210   21
  80  211    6
  80  232    3
  80  242   27
  80  245    1
  80  253    1
  80  275    1
  80  285  181
  80  311    9
  80  322    4
  80  372    1
  80  413   13
  80  448   16
  80  450    3
  80  468  495
  80  480    8
  80  488   13
  80  492    4
  80  496    7
  80  582    1
  80  601   20
  80  706    5
  80  743    7
  80  751    7
  80  826    5
  80  836    2
  80  845    9
  80  941    5
  80  998   12
  85   87   14
  85  115   16
  85  116    7
  85  131   11
  85  134    2
  85  176    3
  85  181    8
  85  184    1
  85  185    8
  85  190  363
  85  194    3
  85  213  122
  85  214   23
  85  254    4
  85  256    3
  85  258  127
  85  267    3
  85  276    6
  85  311    1
  85  335    9
  85  343    5
  85  356  101
  85  382    3
  85  388    1
  85  390   80
  85  425    1
  85  441    1
  85  548    3
  85  601    2
  85  603   24
  85  605   14
  85  621    1
  85  702    1
  85  765    9
  85  836    2
  85  867    1
  85  923    3
  85  938   12
  85  941    1
  85 1201    1
  85 1518    1
  87   92   15
  87  134    4
  87  179    1
  87  194    2
  87  210    3
  87  211   22
  87  213    1
  87  242    5
  87  285   40
  87  311    3
  87  322    1
  87  335    1
  87  356   11
  87  388    6
  87  413    1
  87  448    5
  87  450   42
  87  488    1
  87  492    2
  87  496    4
  87  601   31
  87  603   24
  87  649    2
  87  765    1
  87  791    2
  87  826    1
  87  836    1
  89   92    1
  89  120  145
  89  134    3
  89  170    1
  89  194    3
  89  200   12
  89  210   45
  89  211   14
  89  227    1
  89  232  922
  89  242    2
  89  245    1
  89  248    1
  89  253    1
  89  276    4
  89  285  120
  89  322  139
  89  376    1
  89  413   26
  89  448    2
  89  453   15
  89  480    7
  89  488  149
  89  492  277
  89  496   10
  89  601   35
  89  706   15
  89  751   24
  89  791   19
  89  798    1
  89  826  161
  89  845    2
  89  866    1
  89  998  103
  90  125   76
  90  213    1
  90  227    3
  90  232    1
  90  241    4
  90  246    2
  90  248   17
  90  269    1
  90  290    2
  90  325  107
  90  333  155
  90  376    4
  90  424    8
  90  440   13
  90  446    1
  90  452  131
  90  491   63
  90  496    2
  90  497    1
  90  605    2
  90  615  201
  90  622    9
  90  624    2
  90  647    3
  90  769   73
  90  797  247
  90  798    5
  90  836    1
  90  882    1
  90  893    9
  90  909   76
  90  917   14
  90  920    3
  90  921    1
  90  959    8
  90  960    9
  90  977    9
  90 1218    3
  90 1324    5
  90 1332    1
  92  103    1
  92  120   42
  92  125    2
  92  134   19
  92  149    1
  92  172    9
  92  194    7
  92  200   11
  92  210   25
  92  211   29
  92  232    2
  92  242   38
  92  253    3
  92  276    5
  92  285   17
  92  322   10
  92  390    6
  92  413    7
  92  448   31
  92  450    1
  92  453    1
  92  468    3
  92  480    9
  92  488    7
  92  492    9
  92  496  266
  92  601    2
  92  706   11
  92  743    6
  92  845   79
  92  893    1
  92 1423    1
 101  106   23
 101  117   44
 101  119   50
 101  122  112
 101  132    4
 101  145    1
 101  172    1
 101  179    8
 101  196   27
 101  199   12
 101  202    2
 101  240  417
 101  252    3
 101  255   10
 101  272    4
 101  275    1
 101  333    1
 101  343    2
 101  346   22
 101  353    1
 101  356    1
 101  364  133
 101  374  125
 101  376    1
 101  425  531
 101  429    1
 101  447   26
 101  464    1
 101  494    1
 101  545    1
 101  605    1
 101  626   30
 101  649    2
 101  694    1
 101  778    7
 101  871    3
 101  894    1
 101  939    2
 101  984    1
 103  210    1
 103  366    1
 103  376    1
 103  387    1
 103  438    4
 103  605    6
 103  974    2
 103 1228    3
 103 1295    5
 103 1401   13
 103 1518    5
 106  111    2
 106  115    1
 106  117  104
 106  119    5
 106  122    1
 106  124    1
 106  145    2
 106  147    5
 106  170   22
 106  177    1
 106  179    4
 106  184    2
 106  190   48
 106  196   11
 106  199    6
 106  201    1
 106  202    3
 106  205   29
 106  240    9
 106  245    1
 106  252   35
 106  255    2
 106  265   20
 106  268    1
 106  272  382
 106  275    1
 106  280    1
 106  312    1
 106  327    4
 106  364   13
 106  372    7
 106  425    2
 106  429    1
 106  441    4
 106  447    1
 106  464    2
 106  475    1
 106  487    4
 106  494   16
 106  504    3
 106  527    3
 106  531    3
 106  544    1
 106  545    2
 106  587    3
 106  605    1
 106  626    3
 106  634    2
 106  649    1
 106  650    2
 106  653    6
 106  691    1
 106  694    1
 106  720    4
 106  725   10
 106  778   25
 106  779    6
 106  784    3
 106  798    1
 106  859    3
 106  869    1
 106  871   41
 106  883    5
 106  884   11
 106  894    1
 106  927    2
 106  939   12
 106  954    1
 106  984    2
 106 1067    1
 106 1212   10
 106 1214   13
 106 1216    8
 106 1295   15
 106 1339   17
 106 1345    1
 106 1512   22
 106 1594    2
 106 1805   40
 111  117    1
 111  124  505
 111  145    3
 111  176    6
 111  177    5
 111  179    1
 111  400    1
 111  428   26
 111  465    5
 111  475    1
 111  486    2
 111  487  331
 111  498    8
 111  527    2
 111  531    2
 111  637    1
 111  650   41
 111  674    3
 111  677    1
 111  725  240
 111  778    1
 111  809    3
 111  854   25
 111  857    2
 111  859   18
 111  927 1404
 111  945    2
 111  970    3
 111  984    3
 111  991    8
 111 1332    4
 111 1342    1
 111 1412    1
 115  116   10
 115  131    2
 115  176   90
 115  181  227
 115  185   21
 115  190  141
 115  209    1
 115  213  128
 115  214   67
 115  245    1
 115  254    2
 115  256    2
 115  258    5
 115  267   20
 115  269   15
 115  272    3
 115  276    1
 115  312    3
 115  335    5
 115  343    1
 115  356  202
 115  382   15
 115  388    1
 115  390   16
 115  533   11
 115  612    2
 115  621    6
 115  744    2
 115  765    9
 115  784   14
 115  786    1
 115  836   10
 115  843   14
 115  923    2
 115  938    3
 115  941    1
 115  958    1
 115 1260    2
 116  131    1
 116  134    3
 116  176  390
 116  181   25
 116  185   69
 116  190    3
 116  213    6
 116  222    1
 116  256   21
 116  258    1
 116  267    2
 116  269    3
 116  276    1
 116  333    5
 116  335    5
 116  343    2
 116  382    2
 116  388    6
 116  390   56
 116  471    1
 116  533   35
 116  603    3
 116  621   45
 116  744   16
 116  765    7
 116  786    3
 116  836   22
 116  843    1
 116  867    1
 116  884    1
 116  923    5
 116  938   19
 116  941    3
 116 1518    2
 117  119    3
 117  122    4
 117  147    1
 117  170   41
 117  179    5
 117  196  253
 117  199    3
 117  202    7
 117  205   60
 117  240   18
 117  252   59
 117  265   41
 117  268   15
 117  272   19
 117  275    1
 117  346    4
 117  364  782
 117  374   20
 117  425   37
 117  447    1
 117  494   71
 117  498    1
 117  587    5
 117  626   16
 117  778   10
 117  779    7
 117  871   33
 117  883    3
 117  894   32
 117  927    1
 117  939   42
 117 1894    1
 119  122 1277
 119  132  268
 119  160    1
 119  170    1
 119  179   63
 119  196    3
 119  199    7
 119  202   47
 119  205    1
 119  240   28
 119  252    1
 119  255   11
 119  265    1
 119  272   15
 119  275    7
 119  346    5
 119  364    1
 119  374    8
 119  425   39
 119  447  132
 119  497    1
 119  545    9
 119  587    1
 119  626    4
 119  649   28
 119  653    8
 119  778    9
 119  779    2
 119  871    1
 119  883    1
 119  884    1
 119  894    1
 119  945    1
 119  954    2
 120  160    1
 120  170    2
 120  172   82
 120  176    1
 120  194    5
 120  200   11
 120  210   98
 120  211    6
 120  232   29
 120  242    6
 120  245   11
 120  253   60
 120  285  990
 120  311   21
 120  322    1
 120  388    2
 120  400    1
 120  413    5
 120  435    1
 120  448   11
 120  450    2
 120  468    1
 120  480    3
 120  488  283
 120  492   17
 120  496    5
 120  601   17
 120  706   11
 120  743    4
 120  791    1
 120  826    2
 120  845    7
 120 1228    6
 120 1412    1
 120 1594    1
 122  132  159
 122  145   27
 122  170   10
 122  179    5
 122  184    1
 122  199   52
 122  205    2
 122  240   97
 122  255 1667
 122  265    1
 122  272   12
 122  275   85
 122  339    3
 122  346   37
 122  364   11
 122  366    1
 122  374   25
 122  387    1
 122  425   20
 122  428    1
 122  429    1
 122  447  224
 122  489    1
 122  494    1
 122  545   10
 122  587    1
 122  626   13
 122  649   30
 122  650    1
 122  653  104
 122  694    1
 122  778   15
 122  779    2
 122  871    8
 122  883    7
 122  884    1
 122  894    5
 122  938    1
 122  954    1
 122  979    1
 122  984    1
 122  991    1
 122 1412    1
 124  145   17
 124  177    2
 124  190    1
 124  202    1
 124  205    1
 124  272    8
 124  327   18
 124  372   11
 124  464    1
 124  465    3
 124  471  183
 124  475   24
 124  486    7
 124  487  108
 124  489    2
 124  498    1
 124  527    1
 124  531    5
 124  650    6
 124  674   33
 124  677    2
 124  681    4
 124  725   24
 124  779    2
 124  797    1
 124  809    6
 124  854    2
 124  859   12
 124  927   21
 124  970  154
 124  984  123
 124  991   41
 125  131    2
 125  160    1
 125  179    8
 125  227    1
 125  232    1
 125  241    2
 125  246    3
 125  248   29
 125  306    1
 125  325    7
 125  333  120
 125  424    2
 125  440    2
 125  468    4
 125  489    1
 125  491   32
 125  615    4
 125  622    8
 125  624    7
 125  647    3
 125  769    2
 125  790    2
 125  797   47
 125  798    3
 125  845    4
 125  893   13
 125  909   10
 125  917    1
 125  960    5
 125  977    1
 125 1216    1
 125 1218    1
 125 1332    9
 125 1359    2
 125 1423    1
 131  176    1
 131  194  119
 131  211    3
 131  213    1
 131  227   28
 131  241    7
 131  242    1
 131  254    3
 131  256    3
 131  258    1
 131  267    3
 131  269    1
 131  276    1
 131  333    1
 131  335    1
 131  343    2
 131  356  217
 131  382    2
 131  390    1
 131  440   55
 131  450   10
 131  548   14
 131  786    3
 131  836    3
 131  843    1
 131  920    8
 131  977    1
 131 1512    1
 132  145    4
 132  170    3
 132  171   36
 132  179    5
 132  196    6
 132  199    6
 132  202    3
 132  227    1
 132  240  264
 132  252    1
 132  255   51
 132  265    6
 132  272   50
 132  275   26
 132  364    1
 132  374    5
 132  420    1
 132  425   18
 132  428   24
 132  447  242
 132  489    3
 132  504    1
 132  545    7
 132  603    1
 132  626    7
 132  649   40
 132  650    1
 132  653    7
 132  694    4
 132  744    1
 132  778   11
 132  883    1
 132  939    6
 132 1212    1
 132 1214    1
 132 1238    5
 132 1359    1
 134  172    1
 134  176    4
 134  181    4
 134  190    2
 134  194    1
 134  200   10
 134  210    7
 134  211    7
 134  213    1
 134  232    1
 134  253    3
 134  254    1
 134  256    1
 134  267    1
 134  285    1
 134  311    1
 134  322   13
 134  333    1
 134  335    1
 134  356    5
 134  382    1
 134  388   31
 134  390   21
 134  413    2
 134  448   17
 134  450    1
 134  453   47
 134  454    1
 134  480    1
 134  488    2
 134  492  128
 134  496   18
 134  601    5
 134  603    3
 134  706    1
 134  765    2
 134  826    1
 134  836   20
 134  845    3
 134  893    5
 134  938   47
 134 1214    1
 134 1295    1
 134 1518    1
 145  177    2
 145  245    1
 145  255    3
 145  272    2
 145  400   17
 145  425    2
 145  428   58
 145  443    4
 145  447    1
 145  465   16
 145  471    1
 145  475    1
 145  486    2
 145  487    3
 145  489  283
 145  498    1
 145  637    2
 145  650   99
 145  674    7
 145  809    1
 145  854   19
 145  859   13
 145  884    2
 145  927    3
 145  945   20
 145  954    2
 145  970   15
 145  991    1
 145 1218    1
 145 1401    1
 147  160   23
 147  171    1
 147  181    1
 147  184   62
 147  196    6
 147  226   69
 147  239   14
 147  254    1
 147  257    2
 147  267    1
 147  268    4
 147  272    2
 147  285    1
 147  295    8
 147  312    3
 147  327   11
 147  339    5
 147  353  114
 147  372    3
 147  407  150
 147  429    5
 147  441    3
 147  443    1
 147  477  118
 147  487    1
 147  498    1
 147  504    4
 147  544   43
 147  545    3
 147  577    1
 147  653  166
 147  674   40
 147  694    1
 147  720    8
 147  763   29
 147  778    2
 147  779    1
 147  869    1
 147  884  153
 147  894    1
 147  954   22
 147  979    3
 147  984    4
 147  991    8
 147 1204    1
 147 1336    1
 147 1359    1
 149  274  121
 149  277    3
 149  280    1
 149  484    2
 149  605    1
 149  642    1
 149 1519    1
 151  156   17
 151  159   34
 151  201    7
 151  220   18
 151  236    3
 151  243   12
 151  245    2
 151  387    8
 151  420    1
 151  502    9
 151  510    3
 151  513    6
 151  564    1
 151  576    1
 151  577    1
 151  582    1
 151  605    1
 151  634    7
 151  640   12
 151  642  184
 151  658    3
 151  691    5
 151  694    4
 151  753   47
 151  778    1
 151  866  387
 151  869    3
 151  874    2
 151  958    2
 151 1216    1
 151 1320    2
 151 1332    6
 151 1359    3
 151 1383    5
 156  159    5
 156  200    1
 156  201    8
 156  220    3
 156  243    4
 156  245    5
 156  279    1
 156  420    2
 156  454   10
 156  502   12
 156  525    5
 156  564    1
 156  576    1
 156  582   11
 156  605    3
 156  634    3
 156  638    4
 156  640   53
 156  642    4
 156  658    5
 156  687    5
 156  691    3
 156  694   34
 156  753    2
 156  843    1
 156  866  343
 156  869    7
 156  874   82
 156  884    1
 156  958    1
 156 1212    2
 156 1214    1
 156 1216    1
 156 1320    1
 156 1359   20
 156 1383   11
 156 1543    1
 159  201   11
 159  219    1
 159  220   22
 159  243   16
 159  245    9
 159  387    3
 159  420   13
 159  454   13
 159  502    7
 159  525    1
 159  582   21
 159  605    1
 159  634    1
 159  640   67
 159  642  253
 159  653    1
 159  658    2
 159  691    2
 159  694    4
 159  753    4
 159  866   60
 159  869   12
 159  874  197
 159  958    1
 159 1512    1
 160  176    2
 160  177    2
 160  184  160
 160  185    2
 160  202    1
 160  226  408
 160  257    6
 160  268    2
 160  269    1
 160  272    3
 160  275    1
 160  295    2
 160  312    6
 160  327   19
 160  339    4
 160  353   12
 160  372    6
 160  407    4
 160  447    1
 160  464  176
 160  498    1
 160  504   21
 160  544   83
 160  612    5
 160  626    2
 160  674    1
 160  694    1
 160  763   69
 160  778    2
 160  809    1
 160  884   11
 160  886   22
 160 1201    1
 160 1204    1
 165  257    1
 165  268    8
 165  339    1
 165  498   21
 165  674    1
 165  884    1
 170  179    9
 170  196    7
 170  202   23
 170  205   43
 170  240    8
 170  252   11
 170  265    6
 170  272   27
 170  285    1
 170  364    2
 170  374    2
 170  447    3
 170  494   56
 170  545    7
 170  653    8
 170  778   10
 170  779    9
 170  871   70
 170  883  132
 170  894  295
 170  939   38
 171  173    1
 171  184    2
 171  295    1
 171  327   24
 171  372   34
 171  407   20
 171  428    1
 171  429   31
 171  441   24
 171  464    1
 171  477    3
 171  498    4
 171  720    3
 172  176    1
 172  194    1
 172  200    1
 172  210  133
 172  211    3
 172  220    1
 172  232    2
 172  242    2
 172  243    1
 172  245    1
 172  269    1
 172  285   15
 172  311    4
 172  413   11
 172  448   13
 172  450    2
 172  468   16
 172  480    6
 172  488   29
 172  492    3
 172  496    2
 172  601   16
 172  658    1
 172  706    1
 172  743    1
 172  826    2
 172  845   98
 172  958    1
 172 1214    1
 172 1366    1
 173  179   14
 173  196    1
 173  232    1
 173  257    1
 173  295   10
 173  312    1
 173  327    6
 173  372    1
 173  407   10
 173  429    1
 173  441    2
 173  464    3
 173  477    2
 173  504    1
 173  564    2
 173  720   49
 173  763    2
 173  797    3
 173  958   16
 173 1366    1
 173 1518    1
 176  181    5
 176  185   15
 176  190   80
 176  209    4
 176  213   95
 176  214   79
 176  222    1
 176  227    4
 176  245    2
 176  254   34
 176  256   55
 176  258  111
 176  267   10
 176  269    9
 176  275    4
 176  276    4
 176  285    2
 176  335   14
 176  343    1
 176  356    4
 176  382   69
 176  388   12
 176  390    4
 176  391    1
 176  484    1
 176  487    5
 176  533  147
 176  548    6
 176  601    3
 176  603   24
 176  612    1
 176  621    9
 176  725    3
 176  743    1
 176  744    7
 176  765   17
 176  784    2
 176  836   32
 176  843    8
 176  867    2
 176  886    3
 176  893    1
 176  923    6
 176  927    1
 176  938    9
 176  941    2
 176 1332    2
 176 1518    1
 177  184    1
 177  202   18
 177  226    2
 177  400  147
 177  407   24
 177  428   10
 177  443   31
 177  464    1
 177  465    1
 177  471    5
 177  475    1
 177  486    5
 177  487   70
 177  489   10
 177  494    1
 177  498   10
 177  527   23
 177  531  159
 177  545   17
 177  626    1
 177  627    6
 177  637   82
 177  650   13
 177  653   11
 177  674   32
 177  677    1
 177  706    1
 177  725   18
 177  786    1
 177  809   33
 177  854    8
 177  857    4
 177  859   18
 177  884    1
 177  927    5
 177  945  195
 177  954   36
 177  970    1
 177  984  261
 177  991   17
 177 1216    1
 177 1339    1
 179  185    1
 179  196    5
 179  199   31
 179  202   86
 179  211    1
 179  240    1
 179  252    4
 179  255    1
 179  257    1
 179  265    1
 179  272    8
 179  275   12
 179  333    1
 179  346    1
 179  364    1
 179  374    4
 179  447   11
 179  464    2
 179  487    3
 179  488    1
 179  494    1
 179  545    2
 179  576    1
 179  612    1
 179  626    5
 179  649    1
 179  653    7
 179  720    2
 179  769    1
 179  778    5
 179  779    1
 179  871    1
 179  884    1
 179  894    1
 179  939    3
 179 1218    1
 179 1332    1
 179 1543    1
 181  209    1
 181  256   69
 181  267    1
 181  333    1
 181  335    9
 181  343    9
 181  388    1
 181  390   25
 181  441    1
 181  496    5
 181  533    1
 181  603   45
 181  765  837
 181  843    1
 181  938    7
 181  941    4
 184  205    1
 184  213    1
 184  226   53
 184  239    3
 184  240   22
 184  257    1
 184  268    3
 184  272    6
 184  312    2
 184  327  153
 184  339    2
 184  353   47
 184  364    1
 184  372  116
 184  407   74
 184  429   74
 184  440    1
 184  441   38
 184  447   15
 184  452    1
 184  464    3
 184  471    7
 184  498    2
 184  504    7
 184  544  815
 184  603    1
 184  626    4
 184  653   41
 184  720    1
 184  883    1
 184  884    4
 184  954    4
 184  970    1
 184 1218    1
 184 1359    2
 184 1518    1
 185  190    6
 185  213   14
 185  214   73
 185  232    2
 185  248    1
 185  254   21
 185  256    4
 185  258  511
 185  267   10
 185  269   30
 185  276   59
 185  325    1
 185  343    1
 185  356    3
 185  382   47
 185  388    2
 185  390    6
 185  443    1
 185  533    2
 185  601    1
 185  603  154
 185  612    2
 185  621   14
 185  677    1
 185  744  189
 185  784    3
 185  786   56
 185  836    4
 185  843    2
 185  923   24
 185  938    8
 185  941    1
 185  998    5
 185 1218    1
 190  205    7
 190  209    1
 190  213  185
 190  214   18
 190  241    1
 190  245    1
 190  254    7
 190  256    7
 190  258    1
 190  267   17
 190  269    2
 190  272   25
 190  276    6
 190  306    1
 190  335    1
 190  356    5
 190  382    4
 190  390   45
 190  447    1
 190  487    2
 190  603   17
 190  649    2
 190  744    2
 190  765    1
 190  778    1
 190  784   10
 190  786    2
 190  836    2
 190  843   11
 190  871    5
 190  884    2
 190  893    1
 190  923    5
 190  938    9
 190  941    1
 190  977    1
 190 1201    1
 194  200    3
 194  210   21
 194  211   25
 194  227   80
 194  232    1
 194  241   31
 194  242   41
 194  253    7
 194  254    1
 194  285   14
 194  311    1
 194  322    1
 194  333    1
 194  376    2
 194  388    2
 194  390    1
 194  413   28
 194  440   72
 194  448    4
 194  450    1
 194  452    3
 194  453    1
 194  468    1
 194  480    4
 194  488    4
 194  492    1
 194  496    9
 194  706    1
 194  743  112
 194  751    2
 194  791    6
 194  826   14
 194  836    7
 194  845    3
 194  893    1
 194  920   13
 194  958    2
 194  998    6
 194 1423    4
 196  199    3
 196  205    3
 196  240   21
 196  252  350
 196  257   13
 196  265   29
 196  268   16
 196  272    6
 196  275    4
 196  312    1
 196  339    3
 196  346  281
 196  364  331
 196  374    7
 196  407    1
 196  425    3
 196  428    1
 196  443    1
 196  447    3
 196  494   12
 196  531    2
 196  626    5
 196  649    1
 196  653    2
 196  720    2
 196  778    3
 196  779    3
 196  871   19
 196  883    1
 196  884    4
 196  894    2
 196  939   10
 196  979    1
 199  202   18
 199  205    2
 199  240    8
 199  252   10
 199  255   16
 199  265    1
 199  272    1
 199  275  123
 199  346    6
 199  364    2
 199  374    5
 199  425    1
 199  447    1
 199  494    5
 199  527    1
 199  545    3
 199  626  436
 199  649  590
 199  650    9
 199  653   14
 199  720    1
 199  778   11
 199  871    1
 199  883    1
 199  894    3
 199  939    5
 199  954    1
 200  210    9
 200  211   10
 200  232  152
 200  242    5
 200  253    7
 200  254    3
 200  285   33
 200  311    3
 200  322  242
 200  335    1
 200  388    3
 200  413  145
 200  448   84
 200  450    1
 200  453    1
 200  480   44
 200  488   10
 200  492   12
 200  496   25
 200  513   10
 200  601   78
 200  603    5
 200  706   57
 200  743    7
 200  751    2
 200  791    3
 200  826  524
 200  845   11
 200  882   20
 200  998   40
 200 1518    1
 201  219    2
 201  220   47
 201  243  120
 201  245   94
 201  382    1
 201  420  165
 201  454    1
 201  502   20
 201  525    2
 201  582    5
 201  603    1
 201  605    9
 201  634   16
 201  640    6
 201  642   28
 201  658    7
 201  687    4
 201  691    9
 201  694    1
 201  753   16
 201  866   19
 201  869   21
 201  874    3
 201 1332    1
 201 1518    1
 202  205    2
 202  252    2
 202  265    4
 202  272    6
 202  275    1
 202  311   37
 202  353    1
 202  364    2
 202  372    2
 202  374   12
 202  407    3
 202  425    1
 202  440    8
 202  447    1
 202  453   31
 202  464    1
 202  471    1
 202  496    1
 202  545 1002
 202  626    2
 202  653  270
 202  674   76
 202  778   26
 202  779   42
 202  871    2
 202  939    4
 202  954    1
 202  984    7
 202 1512    1
 202 1518    1
 205  240   21
 205  252    9
 205  255    1
 205  265   29
 205  272   29
 205  275    1
 205  364   12
 205  475    5
 205  494  240
 205  527   10
 205  531    8
 205  545    1
 205  587    1
 205  634    1
 205  649    5
 205  691   10
 205  778    4
 205  779    2
 205  871   16
 205  883   62
 205  894  601
 205  939  186
 205 1332    1
 209  222   10
 209  267   13
 209  276    2
 209  335    2
 209  356   16
 209  390   96
 209  548   37
 209  621    2
 209  765    1
 209  836    1
 209  843   36
 209  867    5
 209  941   52
 210  211   12
 210  220    1
 210  232    4
 210  240    1
 210  242   15
 210  253   73
 210  285  127
 210  322    3
 210  388    2
 210  390    2
 210  391    1
 210  413   17
 210  448    3
 210  450    9
 210  480    7
 210  488   92
 210  492   76
 210  496    2
 210  601    1
 210  605    1
 210  706   40
 210  743   52
 210  797    2
 210  826    9
 210  845   40
 210  882    1
 210  958    2
 210  974    1
 210 1216    2
 210 1342    1
 210 1359    1
 210 1423    3
 210 1805    3
 211  227    2
 211  232    9
 211  242 1844
 211  253    2
 211  255    1
 211  285    4
 211  311    1
 211  322    4
 211  335    1
 211  388    4
 211  413   22
 211  448   12
 211  450   12
 211  453    1
 211  480    7
 211  488    1
 211  492    9
 211  496   13
 211  601   22
 211  647    1
 211  706    5
 211  791    7
 211  826   43
 211  836    2
 211  843    2
 211  845  212
 211  920    1
 211 1212    1
 211 1214    1
 211 1870    1
 213  214  113
 213  254    7
 213  256    1
 213  258   32
 213  269    4
 213  272    1
 213  275    6
 213  312    3
 213  335    8
 213  356    3
 213  376    1
 213  382    6
 213  533    1
 213  545    1
 213  601    2
 213  603    2
 213  621    4
 213  744    1
 213  765   11
 213  784    3
 213  836    3
 213  843    9
 213  886    1
 213  938    1
 213  958    1
 214  254    3
 214  256   36
 214  258   26
 214  267    5
 214  269    3
 214  275    2
 214  276    4
 214  312    1
 214  343   13
 214  382    4
 214  388    1
 214  390    1
 214  424    1
 214  603   39
 214  612    3
 214  640    1
 214  744    1
 214  784   12
 214  786    2
 214  836    1
 214  843    9
 214  854    1
 214  867    1
 214  886    1
 214  923    3
 214  938    2
 219  290    1
 219  387    7
 219  491   35
 219  582    3
 219  605  335
 219  634    3
 219  640    1
 219  642    3
 219  658    9
 219  687   20
 219  691    1
 219  753    1
 219  777    1
 219  866    4
 219  869    2
 219  874   75
 219 1324   23
 220  243   48
 220  245    7
 220  420   30
 220  502    3
 220  582    3
 220  605   20
 220  634   10
 220  640    5
 220  642   45
 220  658   11
 220  687    5
 220  691    1
 220  753    9
 220  866   31
 220  869    9
 220  874    1
 220 1332    4
 222  227    1
 222  254    1
 222  256    3
 222  267   13
 222  276    4
 222  335   12
 222  343    3
 222  356    1
 222  548    1
 222  621    1
 222  836    2
 222  843   45
 222  867  126
 222  941    1
 222  960    1
 226  239    1
 226  257    7
 226  268    1
 226  295    3
 226  312    2
 226  327    2
 226  339   13
 226  353  490
 226  372    1
 226  407   11
 226  429    1
 226  464    6
 226  504   22
 226  544   32
 226  612    4
 226  653   12
 226  720    1
 226  884   82
 226  945    1
 226  984    1
 227  232    4
 227  241   32
 227  242    2
 227  333    2
 227  376    1
 227  424    4
 227  440   97
 227  446   15
 227  452   14
 227  492    1
 227  520    1
 227  769    2
 227  797    5
 227  798    2
 227  841    2
 227  893    2
 227  909    1
 227  917    2
 227  920  149
 227  958    7
 227  959    1
 227  960    1
 227  977    2
 227 1423    9
 232  242    1
 232  248    1
 232  253    4
 232  256    1
 232  269    1
 232  285   68
 232  311    2
 232  322  285
 232  333    2
 232  343    1
 232  372    3
 232  388   10
 232  413    9
 232  424    2
 232  429    1
 232  440    1
 232  448    9
 232  450    1
 232  480    5
 232  488  209
 232  492  300
 232  496   11
 232  601    7
 232  603    1
 232  621    6
 232  706  131
 232  743    2
 232  751   31
 232  777    1
 232  784    5
 232  786   11
 232  791    1
 232  798    1
 232  826  172
 232  845    9
 232  893    1
 232  917    1
 232  938    2
 232  941    1
 232  977    1
 232  998   12
 232 1228    1
 236  274    2
 236  279    4
 236  290    8
 236  376    4
 236  391  181
 236  435    1
 236  445    3
 236  484    1
 236  497    4
 236  498    1
 236  513    2
 236  702    8
 236  841    1
 236  908  149
 236  958    1
 236  959    1
 236 1228    1
 239  327   42
 239  407    1
 239  429    3
 239  464   35
 239  477    1
 239  491    1
 239  504    1
 239  544  114
 239  720    1
 240  252    1
 240  255   25
 240  265    1
 240  272   10
 240  275   12
 240  327   27
 240  346   10
 240  364   75
 240  374    6
 240  425   32
 240  447  283
 240  527    1
 240  544    2
 240  605    1
 240  626   43
 240  649   11
 240  658    1
 240  725    1
 240  778    4
 240  779    1
 240  894   11
 240  939  299
 240  991    1
 240 1218    1
 241  246    2
 241  248    3
 241  256    1
 241  267    1
 241  306    4
 241  325   13
 241  333    1
 241  366    1
 241  424   10
 241  440   66
 241  452    1
 241  496    1
 241  615    3
 241  621    1
 241  624    1
 241  647   18
 241  769    2
 241  790    1
 241  798    1
 241  893    4
 241  920   53
 241  921    1
 241  960    4
 241  977    2
 242  253    1
 242  255    1
 242  275    1
 242  285   13
 242  322    2
 242  335    1
 242  388    7
 242  413   11
 242  448    2
 242  450   77
 242  480    2
 242  488    1
 242  492    6
 242  496    3
 242  601    1
 242  706    5
 242  791    5
 242  826   95
 242  843    1
 242  845  156
 242 1870    1
 243  245    9
 243  387    1
 243  420    2
 243  454    8
 243  502    3
 243  520    5
 243  525    1
 243  577    1
 243  582    3
 243  605    2
 243  634   10
 243  640    1
 243  642    8
 243  658   25
 243  687   59
 243  694    6
 243  753    2
 243  866   10
 243  869    4
 243  874    3
 243  958    1
 243 1212    1
 243 1214    1
 243 1342    1
 243 1805    1
 243 1828    1
 245  272    1
 245  285    1
 245  372    6
 245  376    1
 245  420  234
 245  429    5
 245  435    1
 245  440    1
 245  441    1
 245  454    2
 245  488    1
 245  489    1
 245  502   16
 245  520    1
 245  525    1
 245  582    7
 245  605    1
 245  634    4
 245  638   13
 245  640    5
 245  642    4
 245  658    2
 245  677    1
 245  691   33
 245  706    1
 245  753   29
 245  778    1
 245  841    3
 245  866   14
 245  869   43
 245  874    1
 245  958   20
 245 1067    1
 245 1218    2
 245 1228    2
 245 1237   10
 245 1295    1
 245 1332    2
 245 1336   23
 245 1518    9
 245 1543    1
 246  306    2
 246  325    1
 246  333    2
 246  390    1
 246  413    1
 246  424    3
 246  440    1
 246  452    6
 246  601    9
 246  615    3
 246  647   50
 246  790    4
 246  797    2
 246  893    1
 246  921   71
 246  977  124
 248  306    4
 248  322    1
 248  325    5
 248  333    9
 248  413    1
 248  424    2
 248  440   12
 248  446    3
 248  452    2
 248  615    1
 248  622    1
 248  769   81
 248  797    1
 248  798    1
 248  893    1
 248  917  146
 248  921    1
 248  960   16
 248  977    6
 248 1332    1
 252  255    7
 252  265  268
 252  272   36
 252  275   17
 252  346   15
 252  364  684
 252  374   24
 252  425    4
 252  477    1
 252  494   28
 252  587    5
 252  605    1
 252  626    1
 252  649    3
 252  650    2
 252  653    3
 252  720    1
 252  778   11
 252  779   88
 252  790   19
 252  871   46
 252  883    8
 252  894   14
 252  939    4
 252  945    1
 252 1485    1
 253  285   38
 253  311    1
 253  322    3
 253  413    1
 253  448    3
 253  480    1
 253  488    7
 253  492    1
 253  496    1
 253  601    3
 253  706  313
 253  743  305
 253  751    1
 253  826   65
 253  845    1
 253  998    1
 254  256   10
 254  258   52
 254  267   36
 254  269  182
 254  275    1
 254  276   52
 254  280    1
 254  306    1
 254  333    1
 254  335   52
 254  343    1
 254  382  833
 254  390   14
 254  413    2
 254  477    1
 254  533    5
 254  548    1
 254  601    3
 254  603    9
 254  621    2
 254  744    2
 254  765   25
 254  779   14
 254  784    5
 254  786    5
 254  826    1
 254  836   23
 254  843    1
 254  867    3
 254  920    1
 254  923    3
 254  938    3
 254  941   37
 255  257   10
 255  272    1
 255  275 2204
 255  312    1
 255  346   12
 255  374    2
 255  425    6
 255  447   53
 255  475    1
 255  545    5
 255  649   17
 255  653   17
 255  779    2
 255  884    1
 255  939    2
 255  977    1
 256  258    8
 256  267   47
 256  269   10
 256  276   17
 256  333   16
 256  335   22
 256  343    1
 256  356   22
 256  382   11
 256  390    6
 256  450    1
 256  452    2
 256  453    1
 256  491    1
 256  533   80
 256  548    1
 256  601    3
 256  603   30
 256  621    2
 256  658    1
 256  694    1
 256  744    2
 256  765    4
 256  779    1
 256  786    8
 256  836    6
 256  843    2
 256  867    3
 256  893    6
 256  923    1
 256  938    4
 256  941    2
 256  954    1
 256  960    1
 256  998    2
 257  268   97
 257  275    4
 257  295    1
 257  312    3
 257  327    1
 257  339    5
 257  353   19
 257  372    1
 257  374    1
 257  464    2
 257  489    1
 257  504   18
 257  527    1
 257  612    2
 257  650   14
 257  720    1
 257  857    1
 257  884   10
 257 1412    1
 258  267   16
 258  269  516
 258  276   10
 258  312    3
 258  335   12
 258  356    6
 258  372    1
 258  382   23
 258  390    6
 258  525    1
 258  603 1393
 258  612   34
 258  621    5
 258  744    7
 258  765    8
 258  784   17
 258  786    1
 258  797    1
 258  836   19
 258  886    2
 258  938  170
 258 1218    1
 265  272    6
 265  275    1
 265  346    1
 265  364   68
 265  374    5
 265  425    2
 265  447    3
 265  494  385
 265  545    5
 265  587    3
 265  601    1
 265  649    2
 265  653    1
 265  720   11
 265  778    6
 265  779   43
 265  871   64
 265  883  234
 265  894   17
 267  269   19
 267  276  929
 267  335   39
 267  343    6
 267  356   36
 267  382  125
 267  388    1
 267  390   47
 267  477    1
 267  480    6
 267  533    8
 267  601    1
 267  603    1
 267  621   53
 267  744   15
 267  765   31
 267  784    7
 267  786   19
 267  791    2
 267  836   21
 267  843   38
 267  867   11
 267  923   18
 267  938    9
 267  941    4
 267  998    5
 268  295    4
 268  312    6
 268  327    1
 268  339   43
 268  353   44
 268  364    3
 268  407   45
 268  441    2
 268  464    4
 268  504  258
 268  544   18
 268  612    8
 268  650    1
 268  674    1
 268  884  117
 268  886    2
 268  979   44
 269  276  106
 269  335    3
 269  356    2
 269  382   35
 269  390    3
 269  496    1
 269  603 1183
 269  621    4
 269  744    1
 269  765    1
 269  784    9
 269  786    1
 269  836    9
 269  843    2
 269  923    1
 269  938    5
 269  941   66
 269 1201    1
 269 1412    1
 272  275    5
 272  306    1
 272  327   35
 272  339    1
 272  364   32
 272  372   66
 272  407    3
 272  425    4
 272  428    1
 272  429    1
 272  441   10
 272  443    1
 272  447    8
 272  464    2
 272  471    2
 272  487   58
 272  494    4
 272  544   22
 272  545   27
 272  587    5
 272  615    1
 272  626    6
 272  638    1
 272  653   14
 272  674    1
 272  691    4
 272  720    2
 272  778  149
 272  779   37
 272  859    2
 272  871   44
 272  883   63
 272  884   44
 272  894   15
 272  927    4
 272  939   92
 272  945    3
 272  970    2
 272 1212    1
 272 1214    1
 272 1216    2
 272 1295    1
 272 1512    3
 272 1805    8
 274  277    1
 274  280  314
 274  290    1
 274  366    5
 274  376    5
 274  387    7
 274  391    2
 274  435   14
 274  438    3
 274  484  850
 274  497  434
 274  991    1
 274 1204    1
 274 1216    6
 274 1805    7
 274 1828    1
 275  312  341
 275  327    1
 275  339    2
 275  346   35
 275  372    2
 275  374   10
 275  425   20
 275  441    1
 275  447   44
 275  477    1
 275  487    2
 275  494    1
 275  527    1
 275  531    2
 275  545    2
 275  612  359
 275  626    7
 275  649   38
 275  650   25
 275  653   35
 275  674    1
 275  743    1
 275  779    2
 275  797    1
 275  854    1
 275  871    6
 275  883    2
 275  886  262
 275  894    2
 275  927    1
 275  939    7
 275 1216    1
 275 1423   22
 275 1543    1
 275 1594    1
 276  279    1
 276  285    2
 276  322    8
 276  335    2
 276  343    2
 276  356    3
 276  382   10
 276  388    2
 276  390    6
 276  492   23
 276  496    8
 276  533   21
 276  603   12
 276  621  285
 276  744   13
 276  765    2
 276  784  158
 276  786  221
 276  836   11
 276  843    1
 276  867    5
 276  923   10
 276  938    3
 276  941    5
 277  290    4
 277  387    9
 277  438   15
 277  445   17
 277  466    1
 277  502    5
 277  510   18
 277  513   13
 277  655   16
 277  658    1
 277  691    2
 277  702    1
 277  841    1
 277  866    3
 277  869    1
 277  908    6
 277 1359    1
 277 1870   10
 277 1894   34
 279  280    1
 279  290   28
 279  366  121
 279  376    5
 279  387    2
 279  391    1
 279  435   25
 279  446   15
 279  497   11
 279  510  729
 279  638   48
 279  753    8
 279  777   27
 279  797    1
 279  845    1
 279  908  461
 279  958    1
 279  974    6
 279 1067  106
 279 1214    1
 279 1228    2
 279 1260   10
 279 1320    1
 279 1336    2
 279 1401    1
 279 1485    2
 279 1512    1
 279 1518  102
 279 1543  176
 279 1784    3
 279 1819   13
 280  290    6
 280  327    1
 280  366   44
 280  376    1
 280  387    3
 280  391  114
 280  435    2
 280  466    1
 280  484  171
 280  497   62
 280  513    2
 280  605    4
 280  777  135
 280  841    1
 280  908   28
 280 1216    1
 280 1512    1
 280 1518    1
 280 1543    1
 280 1805    1
 285  311   21
 285  322   22
 285  413    2
 285  428    1
 285  448   15
 285  450    1
 285  453    1
 285  468    2
 285  480    2
 285  488  125
 285  492  177
 285  496    5
 285  545    1
 285  601   25
 285  647    1
 285  706   27
 285  743    1
 285  791    1
 285  797    1
 285  826    8
 285  836    1
 285  845   14
 285  920    1
 285  938    1
 285  958    2
 285  998    1
 285 1228    4
 285 1237    1
 285 1238    1
 285 1359    1
 285 1423   10
 285 1594    1
 290  366   19
 290  376   17
 290  387    1
 290  435    1
 290  438    3
 290  466   27
 290  484    7
 290  491    1
 290  497   16
 290  510    3
 290  513   15
 290  582    1
 290  605   32
 290  642    3
 290  655   11
 290  702    2
 290  777   82
 290  841   22
 290  958    3
 290 1204    1
 290 1228    1
 290 1238    8
 290 1260    9
 290 1324   28
 290 1485    3
 290 1518    1
 290 1543    4
 290 1784    8
 295  312    2
 295  327   33
 295  339    1
 295  353   43
 295  372    3
 295  407   32
 295  429    3
 295  441  209
 295  464    1
 295  504    3
 295  612    1
 295  653    1
 295  674    6
 295  720   10
 295  763  108
 295  854    1
 295  884    1
 295  886    1
 295  954   16
 295  979   24
 295 1594    1
 306  325    2
 306  327    1
 306  333    2
 306  424    1
 306  471    1
 306  576    1
 306  638    1
 306  647    6
 306  649    1
 306  798    5
 306  841    1
 306  867    1
 306  893   24
 306  917    5
 306  921    7
 306  960    3
 306  977   26
 306 1238    1
 306 1543    1
 311  322    4
 311  388    1
 311  413    2
 311  448    1
 311  453  276
 311  480    1
 311  488    7
 311  492    7
 311  496  163
 311  545   79
 311  601    4
 311  603    9
 311  674    5
 311  706    3
 311  743    1
 311  836    2
 311  845    2
 311  938    1
 311  998    4
 311 1359    1
 312  339    1
 312  353    8
 312  440    1
 312  441    2
 312  464    2
 312  498    3
 312  504    1
 312  525    5
 312  544    6
 312  612 1983
 312  674    1
 312  720    3
 312  797    1
 312  884    2
 312  886  476
 312  979    6
 312 1332    1
 312 1423    5
 322  372    1
 322  388    3
 322  413   22
 322  424    3
 322  448    2
 322  450    3
 322  452    1
 322  480    5
 322  488   35
 322  492   18
 322  496   34
 322  502    1
 322  525    1
 322  601  189
 322  706   13
 322  743    4
 322  751   71
 322  771    1
 322  791    2
 322  797    1
 322  826   95
 322  845    4
 322  917   29
 322  998  116
 322 1401    1
 322 1512    2
 325  333   10
 325  420    8
 325  424   18
 325  440    1
 325  452    2
 325  491    1
 325  496    1
 325  622  110
 325  624   45
 325  647    1
 325  649    1
 325  769    2
 325  790    2
 325  797   30
 325  798    1
 325  893    2
 325  909    1
 325  917    1
 325  920    1
 325  921   11
 325  959  112
 325  960    2
 325  977    1
 325 1204    1
 325 1336    1
 325 1412    1
 325 1423    4
 327  353    5
 327  372  216
 327  407   11
 327  429  413
 327  441   71
 327  447   25
 327  464    2
 327  471   14
 327  477    5
 327  504    2
 327  544   34
 327  720    7
 327  763  291
 327  884    1
 327  939    1
 333  388    2
 333  424   19
 333  434    1
 333  440    8
 333  452   46
 333  491   20
 333  492    2
 333  601    1
 333  615   14
 333  622   16
 333  624    4
 333  634    1
 333  647    2
 333  769  101
 333  797   15
 333  798    1
 333  867    1
 333  893  531
 333  909    9
 333  917   34
 333  920    5
 333  921    2
 333  959    3
 333  960   15
 333  977   10
 333 1332   17
 333 1359    1
 335  343    9
 335  356   57
 335  388    4
 335  390    1
 335  424    1
 335  601    3
 335  603   15
 335  621    2
 335  674    4
 335  694    1
 335  765  940
 335  836    8
 335  867   10
 335  923    2
 335  938    1
 335 1212    1
 339  353  119
 339  372    1
 339  387    1
 339  407    2
 339  441    1
 339  477    2
 339  504   10
 339  544    1
 339  674    2
 339  720    1
 339  884 2300
 339  979    1
 343  390    1
 343  564    1
 343  621    3
 343  765    9
 343  784    1
 343  836    4
 343  843    1
 343  867  408
 343  884    1
 343  923    5
 343  941   57
 346  353    1
 346  364   33
 346  374  580
 346  425  259
 346  447    2
 346  486    1
 346  489    9
 346  494    1
 346  653    2
 346  778    5
 346  871    6
 346  939    4
 346  970    1
 353  372    4
 353  374    1
 353  407   31
 353  429   14
 353  441    3
 353  464    3
 353  504  413
 353  544   20
 353  545    1
 353  612    3
 353  637    3
 353  653   40
 353  720    2
 353  763   33
 353  871    2
 353  884   57
 353  886    4
 353  954    5
 353  979    6
 353  984    9
 353  991    5
 353 1594    1
 356  382    3
 356  390    3
 356  450    1
 356  498    1
 356  533    3
 356  548   57
 356  744    5
 356  765   25
 356  836    7
 356  843    2
 356  867   87
 356  938    8
 356  941    1
 364  374   24
 364  425    2
 364  447    6
 364  494   15
 364  527    1
 364  587    1
 364  626   16
 364  649    1
 364  650    8
 364  653    1
 364  720    1
 364  778    4
 364  779    1
 364  871   26
 364  894    7
 364  939   38
 366  376    3
 366  387   57
 366  438   84
 366  466    1
 366  484    2
 366  497    2
 366  513    1
 366  576    1
 366  720    1
 366  841    1
 366  908    3
 366  958    1
 366  974  813
 366 1295    1
 366 1324    2
 366 1332    1
 366 1345    1
 366 1485   23
 372  407    4
 372  428    1
 372  429  130
 372  441   70
 372  447   18
 372  464    2
 372  471    5
 372  475    1
 372  477   12
 372  498    2
 372  504    2
 372  544   52
 372  601    2
 372  603    1
 372  605    3
 372  612    1
 372  626   11
 372  649    1
 372  720   38
 372  884    3
 372  886    1
 372  927    1
 372 1218    1
 372 1228    1
 372 1512    1
 374  425   14
 374  440    1
 374  489    1
 374  527    4
 374  531    9
 374  649    1
 374  653    2
 374  677    8
 374  778    2
 374  779    1
 374  871    3
 374  939    5
 374 1423    1
 376  387   30
 376  391   13
 376  420  121
 376  424    6
 376  435  212
 376  438    3
 376  445    5
 376  466   12
 376  484    7
 376  496    1
 376  497    1
 376  513  114
 376  601    1
 376  605    3
 376  638  383
 376  655  144
 376  694    2
 376  702    6
 376  777    1
 376  841   19
 376  859    1
 376  866    2
 376  908    1
 376  958   45
 376  974    1
 376  991    3
 376 1214    2
 376 1216    1
 376 1218    4
 376 1228   53
 376 1238    4
 376 1295    1
 376 1320    1
 376 1324    4
 376 1332    1
 376 1336    2
 376 1339    2
 376 1342    4
 376 1345   30
 376 1359    2
 376 1401    4
 376 1412    2
 376 1423    6
 376 1485    6
 376 1512    6
 376 1518    3
 376 1519    8
 376 1543    1
 376 1784    3
 376 1819    3
 382  390    2
 382  424    1
 382  533    1
 382  601    2
 382  603   14
 382  621    1
 382  677    1
 382  744    1
 382  765    1
 382  784    4
 382  786   16
 382  836    5
 382  867    1
 382  923    1
 382  938    3
 382  941    5
 382 1518    1
 387  391    2
 387  438   45
 387  445    2
 387  484    1
 387  510    1
 387  513   30
 387  527    1
 387  582    2
 387  605    2
 387  615   14
 387  634    2
 387  638    5
 387  655   25
 387  658   86
 387  691    2
 387  702    4
 387  753    2
 387  777    9
 387  841    4
 387  866    4
 387  869    7
 387  874    1
 387  908   45
 387  958    2
 387  974   12
 387  998    3
 387 1201    1
 387 1332   16
 387 1345    2
 387 1359    1
 388  390    2
 388  413    9
 388  448    9
 388  450    4
 388  453   37
 388  480    1
 388  488    4
 388  492  584
 388  496   73
 388  525    1
 388  603    7
 388  706    2
 388  836    3
 388  845    4
 388  923    1
 388  938    5
 388  998    1
 390  407    1
 390  496    3
 390  533    3
 390  603   10
 390  621   31
 390  658    2
 390  744    4
 390  765    1
 390  836    2
 390  867    1
 390  893    4
 390  894    1
 390  923    3
 390  938  675
 390  941    2
 391  466   11
 391  484   58
 391  497   21
 391  520   48
 391  576    8
 391  638    1
 391  777   37
 391  908   88
 391  958    1
 391 1324    1
 391 1336    1
 391 1485    1
 400  407    6
 400  443   20
 400  465    1
 400  489    7
 400  498    2
 400  637   21
 400  650    1
 400  653   11
 400  809    9
 400  857    2
 400  945  587
 400  954   18
 400  984   13
 400  991    3
 407  429   13
 407  441    4
 407  443    3
 407  464    5
 407  477    2
 407  489    1
 407  498    2
 407  504   23
 407  531    6
 407  545    2
 407  615    1
 407  653  113
 407  674    2
 407  720   93
 407  763    8
 407  778    6
 407  809    4
 407  884    4
 407  886    2
 407  945   30
 407  954   40
 407  984    4
 407  991    6
 407 1894    1
 413  448   16
 413  453    1
 413  480  215
 413  488   11
 413  492   10
 413  496   10
 413  601    2
 413  603    1
 413  706    6
 413  751    2
 413  771    2
 413  791    4
 413  826   95
 413  845    5
 413  998    1
 413 1518    1
 413 1543    1
 420  454    4
 420  502    2
 420  510    1
 420  525    1
 420  564    2
 420  605    4
 420  634    7
 420  640    4
 420  642    4
 420  687    1
 420  691    4
 420  797    3
 420  841    1
 420  866    9
 420  869   28
 420  874   37
 420  958    6
 420  959    2
 420 1218    1
 420 1320    1
 420 1423    2
 420 1518   21
 420 1894    1
 424  440    4
 424  446   16
 424  452   29
 424  466    1
 424  488    1
 424  491    1
 424  520    1
 424  601    1
 424  605   12
 424  612    1
 424  622   10
 424  624   20
 424  634    1
 424  674    1
 424  893    7
 424  917    5
 424  920    8
 424  954    1
 424  959    2
 424  977    9
 424 1359    3
 424 1485    3
 424 1543    2
 425  447   17
 425  545    1
 425  626    3
 425  649  445
 425  653    1
 425  674    1
 425  687    2
 425  778    6
 425  894    1
 428  443    3
 428  465   14
 428  475    5
 428  486   16
 428  489  203
 428  498    4
 428  527    5
 428  626    1
 428  627    7
 428  637    6
 428  650    2
 428  674    3
 428  677    9
 428  725    4
 428  809    8
 428  854   25
 428  857    6
 428  859   23
 428  884    1
 428  927   41
 428  945    1
 428  954    3
 428  970    1
 428  984    2
 428  991    7
 428 1339    2
 429  441  937
 429  464    1
 429  498    1
 429  504   38
 429  544   32
 429  650    1
 429  653    2
 429  720   42
 429  744    1
 429  871    1
 429  884    2
 434  440    2
 434  615    2
 434  797    2
 435  466    4
 435  484    3
 435  492    1
 435  497    1
 435  513    7
 435  638   28
 435  655    1
 435  694    2
 435  702    2
 435  841    7
 435  958   48
 435 1228   59
 435 1320    1
 435 1332    3
 435 1345   52
 435 1518    1
 435 1519    9
 435 1819    1
 438  484    1
 438  510    1
 438  513   33
 438  605    1
 438  638    1
 438  655    1
 438  694    1
 438  867    1
 438  908    1
 438  958    1
 438  977    2
 438 1320    4
 438 1359   26
 438 1518    3
 440  452    7
 440  491    3
 440  605   21
 440  622    1
 440  624    1
 440  694    1
 440  769    3
 440  784    1
 440  790    4
 440  797   28
 440  798    1
 440  841    1
 440  893    1
 440  920   97
 440  921    1
 440  958    3
 440  960    1
 440  970    1
 440 1212    2
 440 1238    1
 440 1359    1
 440 1423   13
 440 1518    1
 441  447   77
 441  464    1
 441  471    8
 441  477    1
 441  498    1
 441  504   99
 441  544   16
 441  720   22
 441  763    8
 441  778    1
 441  784    1
 441  884    3
 441  939    1
 441  979    1
 443  484    1
 443  489    6
 443  498    5
 443  504    1
 443  615    7
 443  627    2
 443  637  308
 443  647    2
 443  650    3
 443  778    5
 443  809    6
 443  857    7
 443  859    1
 443  884    1
 443  941    2
 443  945   40
 443  954   16
 443  970    2
 443  984    6
 443  991    3
 443 1204    1
 443 1412    1
 445  484    1
 445  513    3
 445  702    2
 445  777    7
 446  452    1
 446  605   18
 446  615    5
 446  753   10
 446  893    1
 446  908    1
 446  917    2
 446  960    1
 446 1218    2
 446 1238   15
 446 1412    1
 446 1543    3
 447  626    1
 447  649  143
 447  653   20
 447  694    1
 447  725    3
 447  778    4
 447  871   58
 447  939    8
 447  954    8
 447  991    4
 448  450    8
 448  453    2
 448  468    1
 448  480  154
 448  488    1
 448  492    4
 448  496    8
 448  601   12
 448  706    1
 448  743    1
 448  771    1
 448  791    1
 448  826   10
 448  882    1
 448  938    1
 448  998   14
 448 1324    1
 450  480    3
 450  488    3
 450  548    2
 450  603    2
 450  706    1
 450  826    1
 450  845    1
 452  491    6
 452  615   47
 452  621    1
 452  622    2
 452  624    4
 452  634    4
 452  642    2
 452  647    1
 452  691   19
 452  769   14
 452  797   35
 452  798    4
 452  869   29
 452  893   37
 452  909   23
 452  917    1
 452  920    8
 452  921    1
 452  959    2
 452  977    4
 452 1295    1
 452 1332   47
 453  488    1
 453  492    4
 453  496   52
 453  545   10
 453  601    1
 453  603    3
 453  706    1
 453  998    1
 454  502    7
 454  520    2
 454  525    3
 454  576    2
 454  582    1
 454  605   12
 454  634    1
 454  640  182
 454  642    8
 454  658    2
 454  687    1
 454  691    1
 454  866   12
 454  869    5
 454  874   64
 454 1212   18
 454 1412   19
 464  491    1
 464  504    9
 464  544    3
 464  612    6
 464  720    5
 464  869    1
 464  884    2
 464  886    4
 464  958    1
 464 1828    1
 465  486   25
 465  487    1
 465  489   11
 465  498    2
 465  527    2
 465  531   16
 465  612    3
 465  627    1
 465  650    2
 465  677    4
 465  725    2
 465  854  874
 465  857    1
 465  886    2
 465  927   18
 465  970    1
 465  984    2
 466  484    4
 466  497    1
 466  638    4
 466  655    1
 466  702   27
 466  841   35
 466  958   11
 466 1067    1
 466 1336    3
 466 1345    1
 466 1518    9
 468  845    9
 471  475   30
 471  486    4
 471  487    7
 471  498    2
 471  527    1
 471  544    1
 471  627    1
 471  637    1
 471  650    5
 471  674   13
 471  677    2
 471  681   17
 471  778    1
 471  809    4
 471  857    2
 471  859    7
 471  970  625
 471  984    3
 471  991    2
 471 1339    1
 475  477    8
 475  487    2
 475  494    1
 475  527    6
 475  627   24
 475  637    2
 475  650    1
 475  674    1
 475  677    9
 475  720    1
 475  725   36
 475  809    2
 475  857   18
 475  859   40
 475  927    2
 475  945    1
 475  970   75
 477  627    5
 477  674   22
 477  720    8
 477  763    3
 477  784    1
 477  857    1
 477  884   12
 477  979    2
 477  991    1
 480  488    2
 480  492    9
 480  496    9
 480  601   16
 480  706    8
 480  751    1
 480  771   29
 480  791   23
 480  826    5
 480  836    1
 480  998    2
 484  497  266
 484  638    1
 484  642   12
 484  677    1
 484  908    1
 484 1204    1
 484 1332    1
 484 1345    1
 484 1518    1
 486  527    3
 486  531   46
 486  627    3
 486  650   16
 486  677    2
 486  854    4
 486  857    1
 486  927    1
 486  970    4
 486  984    1
 486  991    1
 487  489    1
 487  498    1
 487  527    1
 487  531    4
 487  587   32
 487  627    1
 487  649    1
 487  650    9
 487  674    1
 487  677    5
 487  725  119
 487  778    2
 487  854    6
 487  859   85
 487  871    7
 487  884    1
 487  927  364
 487  954    2
 487  970    9
 487  984  146
 487  991   20
 487 1332    2
 487 1518    1
 487 1594    1
 488  492  143
 488  496    9
 488  525    1
 488  601   13
 488  706   28
 488  743    5
 488  751    3
 488  791    1
 488  826   36
 488  882    2
 488  998    2
 488 1238    1
 488 1423    1
 489  498    1
 489  637   22
 489  674    3
 489  809    5
 489  854    9
 489  857    1
 489  859    4
 489  945   12
 489  954   21
 489  970    2
 489  991    1
 489 1339    1
 489 1359    1
 491  520    1
 491  576    3
 491  605   15
 491  615   32
 491  624    1
 491  647    3
 491  687   11
 491  769   29
 491  777   15
 491  797    8
 491  798   16
 491  893    3
 491  908   29
 491  909    4
 491  917    2
 491  920    2
 491  921    9
 491  959    1
 491  960    2
 491  977    1
 491 1359    1
 492  496  372
 492  601   20
 492  706   10
 492  826    5
 492  845    1
 492  998   10
 492 1216    1
 492 1228    1
 494  587   27
 494  626    2
 494  653    2
 494  720    5
 494  871    7
 494  883    7
 494  894    4
 494  920    1
 494  939   42
 496  533    1
 496  545    1
 496  601    7
 496  603   15
 496  624    1
 496  706    4
 496  771    2
 496  791   20
 496  826    4
 496  836   14
 496  882   14
 496  893    3
 496  921    1
 496  938    3
 496  998    9
 496 1819    1
 497  642    8
 497  655    3
 497  841    1
 497  909    1
 497 1518    1
 498  531    1
 498  627   58
 498  637    5
 498  650    2
 498  674    9
 498  677    2
 498  720    1
 498  725    2
 498  809    8
 498  857   17
 498  859   11
 498  884    1
 498  945    5
 498  954    4
 498  970    2
 498  984    2
 502  564    1
 502  576    8
 502  582   20
 502  605   19
 502  634   17
 502  640    9
 502  642    8
 502  658    1
 502  687    6
 502  691   95
 502  753    3
 502  866   21
 502  869   97
 502  874    3
 502 1332    5
 502 1359    1
 502 1518    2
 502 1894    3
 504  649    1
 504  720    8
 504  778    1
 504  884   25
 504  886    1
 504  979   81
 510  513   18
 510  638    2
 510  655    1
 510  908    4
 510 1332    1
 510 1359    2
 513  638  600
 513  655 2949
 513  658    1
 513  694    5
 513  702    5
 513  841    3
 513  866    5
 513  869    1
 513  958   25
 513 1320   12
 513 1332    5
 513 1345    1
 513 1359    2
 513 1819    1
 520  525    1
 520  564   11
 520  576   42
 520  577   11
 520  587    1
 520  640    1
 520  642    1
 525  564   17
 525  576    1
 525  577   27
 525  582    1
 525  605    9
 525  612    3
 525  640   11
 525  642    2
 525  658    3
 525  687    2
 525  694   65
 525  797    2
 525  866   50
 525  869    5
 525  874    1
 525  958    4
 525 1412    4
 527  531   73
 527  627    3
 527  674    3
 527  677   14
 527  691    3
 527  859    1
 527  927    3
 527  984    6
 527  991    4
 531  627    2
 531  650    2
 531  674    2
 531  677   25
 531  691   11
 531  725    2
 531  854   26
 531  859    2
 531  883    2
 531  927    2
 531  945    1
 531  984   19
 531  991    7
 533  621   92
 533  786    1
 533  836    5
 533  867    6
 533  893    1
 533  923   10
 544  653    4
 544  720    1
 544  763   59
 544  871    1
 544  884    1
 544  886    2
 544  939    1
 545  626    1
 545  649    2
 545  653  340
 545  674    1
 545  778  138
 545  894    6
 545  954    1
 545  984    1
 545 1518    2
 548  621    5
 548  836   14
 548  843    1
 548  867    3
 548  938    3
 548  941    1
 564  576   16
 564  577  806
 564  605    2
 564  634    2
 564  642    1
 564  658    1
 564  687    2
 564  694   11
 564  753    1
 564  845    1
 564  866    7
 564  874    1
 564  977    6
 564 1332    1
 576  577    2
 576  582    1
 576  605   13
 576  642    2
 576  658    2
 576  694    3
 576  777    1
 576  866    3
 576  869   17
 576 1412    1
 577  582    1
 577  634   14
 577  694   18
 577  753    2
 577  866    8
 577  977    2
 577 1332    1
 577 1359    1
 582  605   32
 582  642    4
 582  658    5
 582  687  261
 582  694   48
 582  753    1
 582  866   77
 582  869    3
 582  874    3
 582 1260    1
 582 1295    2
 582 1332    1
 582 1401    1
 582 1412    4
 587  778   57
 587  779    1
 587  871    1
 587  883    3
 601  603    6
 601  605    1
 601  647   45
 601  706   23
 601  826   79
 601  836    1
 601  845    2
 601  917    1
 601  921    1
 601  941   16
 601 1238    1
 601 1518    1
 603  706    1
 603  744    1
 603  765   12
 603  826    1
 603  836   40
 603  845    1
 603  923    2
 603  938   75
 603  941    3
 603 1204    1
 605  624    1
 605  634   10
 605  640    7
 605  642   27
 605  658   59
 605  674    1
 605  687   55
 605  691   15
 605  694   40
 605  753   15
 605  798    6
 605  866  222
 605  869   15
 605  874   36
 605  960    2
 605  974    5
 605 1067   41
 605 1212    1
 605 1218   34
 605 1232    2
 605 1238  136
 605 1260    1
 605 1320    1
 605 1324    5
 605 1332    1
 605 1359    2
 605 1401    1
 605 1518    6
 605 1543    1
 605 1784    1
 612  720    1
 612  779    1
 612  843    1
 612  886 1163
 612  958    2
 612  979    1
 615  621    1
 615  622    3
 615  624    5
 615  634   12
 615  647    1
 615  658   21
 615  765    1
 615  769    1
 615  790    2
 615  797   51
 615  798    9
 615  893   40
 615  909   14
 615  917    3
 615  977   33
 615 1320    2
 615 1332    5
 615 1383    1
 615 1512    1
 621  765    2
 621  786   23
 621  836    1
 621  843   53
 621  923    6
 621  938    1
 621  941    2
 621  998    1
 621 1332    1
 622  624   43
 622  769   12
 622  790    1
 622  797    3
 622  798    1
 622  893   18
 622  909    3
 622  920    2
 622  959   13
 622 1332    2
 624  658    2
 624  769   14
 624  790    1
 624  797    6
 624  798    3
 624  893    9
 624  909    3
 624  959   14
 624  960   54
 624  977    1
 624 1336    1
 626  649  306
 626  653   47
 626  778   21
 626  779    3
 626  871    5
 626  894    7
 626  939   52
 627  637    2
 627  674    7
 627  809    1
 627  854    1
 627  857  152
 627  945    2
 627  954    5
 627  984    4
 627  991    1
 634  640    4
 634  642   45
 634  658  847
 634  687   14
 634  691  186
 634  694    2
 634  753    7
 634  866   20
 634  869  331
 634  874    2
 634 1228    3
 634 1324    1
 634 1332  227
 634 1345    1
 634 1412    1
 634 1423    1
 634 1894   20
 637  650    1
 637  674    3
 637  778    2
 637  809    2
 637  857    1
 637  859    4
 637  884    1
 637  927    6
 637  941    1
 637  945    5
 637  954    5
 637  970    1
 637  984   37
 638  655  311
 638  694  225
 638  777    1
 638  841    1
 638  866    1
 638  958  121
 638 1067   39
 638 1212    2
 638 1228    3
 638 1423    3
 638 1485    1
 638 1543   45
 640  642   25
 640  658    2
 640  691    2
 640  753    2
 640  866   42
 640  869    3
 640  874   38
 640 1201    1
 640 1412    3
 642  658   11
 642  687    8
 642  691   10
 642  694    2
 642  753   13
 642  866  223
 642  869   13
 642  874   24
 642  970    1
 642 1332   10
 642 1512    1
 647  790    2
 647  826    1
 647  921   12
 647  959    2
 647  977   15
 649  653   16
 649  778   11
 649  883    4
 649  894    1
 649  939   16
 649 1218    1
 649 1345    1
 649 1359    1
 649 1512    1
 650  674    3
 650  677    2
 650  778    1
 650  809    2
 650  854    3
 650  859    4
 650  927   26
 650  945    1
 650  954    1
 650  970    3
 650  984    8
 650  991    1
 650 1342    1
 653  674    6
 653  706    1
 653  778  291
 653  779   14
 653  871   17
 653  883    1
 653  894    1
 653  939   34
 653  945   19
 653  954   11
 653  984    5
 653  991    2
 655  694   20
 655  841    2
 655  958   24
 655 1345    1
 658  687    7
 658  691    8
 658  694    2
 658  866   58
 658  869    9
 658  874    1
 658  958    1
 658  977    4
 658 1237    1
 658 1332    2
 658 1336    1
 658 1518    1
 674  677   45
 674  763    6
 674  765    8
 674  778   74
 674  826    1
 674  854    1
 674  857    3
 674  859    1
 674  866    1
 674  945    1
 674  954   16
 674  984    7
 674  991   13
 674 1237    1
 674 1412    1
 674 1423    1
 677  809   74
 677  854    2
 677  927    1
 677  970    1
 677  991    3
 681  720    1
 681  970    4
 687  691    1
 687  694    3
 687  753    4
 687  777    3
 687  866  329
 687  869    4
 687  874    1
 687  908    3
 687 1332    6
 691  753    1
 691  778    1
 691  841    3
 691  866    1
 691  869  676
 691  874    9
 691  908    1
 691 1218    1
 691 1332  331
 691 1359    2
 691 1401    1
 691 1518    1
 691 1894    3
 694  753    1
 694  797    5
 694  841    2
 694  843    1
 694  866   25
 694  958    6
 694 1423    1
 702  841    9
 702  908    1
 702  958    1
 702 1518   24
 702 1894    1
 706  743  148
 706  771   49
 706  791    1
 706  826  800
 706  845    3
 706  998    1
 706 1216    4
 706 1784    1
 706 1805    1
 720  763    1
 720  778    1
 720  779    1
 720  871   78
 720  884    2
 720  886    1
 720  970    3
 725  854    1
 725  859  257
 725  927   66
 725  991   12
 725 1332    1
 743  751    1
 743  826   13
 743  998    1
 744  786    4
 744  836   14
 744  867    1
 744  923    1
 744  941    1
 744 1212    1
 751  826   53
 753  866   54
 753  874    2
 753 1238    9
 753 1260    1
 753 1543    1
 753 1784    1
 763  884   82
 763  979   13
 763 1518    1
 763 1594    1
 765  786    1
 765  836   13
 765  843    1
 765  867    3
 765  923    1
 765  938    4
 765 1512    1
 769  893  288
 769  909    1
 769  958    1
 769  959   41
 771  791   28
 771  826    1
 777  841    1
 777  908  341
 777  958    8
 777 1228    1
 777 1518    1
 778  779    8
 778  871   25
 778  874    1
 778  883   14
 778  894    7
 778  939   20
 778 1332    1
 779  871    8
 779  883   13
 779  894    4
 779  939  110
 784  836    1
 784  843    4
 784  923    1
 784  941    6
 786  836    2
 786  923  120
 786  938    1
 786  998    1
 790  797    1
 791  826    1
 797  886   11
 797  893    7
 797  917    1
 797  921    1
 797  958  175
 797  959    2
 797  977    4
 797 1201    1
 797 1218    6
 797 1412    4
 797 1423   20
 798  893    6
 798  909    6
 798  917    8
 798  920    4
 798  921    2
 798  939    1
 798  941    4
 798  959    1
 798  960   32
 798  977    2
 798 1423    1
 809  857    1
 809  859    1
 809  869    1
 809  945    1
 809  954    1
 809  970   12
 809  984    4
 809  991   73
 809 1216    1
 809 1359    3
 809 1401    1
 809 1485    1
 826  845    2
 826  874    1
 826  882  127
 826  927    1
 826  998  417
 836  843    3
 836  867    2
 836  938   31
 836  941    5
 836 1339    1
 841  958  117
 841 1228    5
 841 1518    5
 843  867    7
 843  938    2
 843  958    1
 843 1518    1
 845  882    1
 845  958    1
 854  886    6
 854  927   31
 854  954    1
 854  970    1
 854  984    2
 854  991    1
 857  945   47
 857  954    8
 857  970    2
 857 1201    2
 857 1805    3
 859  893    1
 859  927   53
 859  945    2
 859  954    1
 859  970    9
 859  984   12
 859  991    9
 859 1412   12
 866  869   11
 866  874   89
 866  958    3
 866 1228    3
 866 1232    6
 866 1320    6
 866 1332    9
 866 1345    4
 866 1359    4
 866 1401    6
 866 1412    5
 866 1828    1
 866 1870    1
 866 1894    2
 867  938    2
 869  874    2
 869 1212    1
 869 1332  433
 869 1894    9
 871  883   51
 871  894   29
 871  939   30
 874 1332    1
 883  894  149
 883  939   28
 883 1423    1
 884  886    1
 884  979   28
 884 1295    1
 884 1423    1
 886  927    5
 886  958    2
 886  979    1
 886 1332    1
 886 1423    1
 893  909   17
 893  920    5
 893  938    2
 893  959    2
 893  977    8
 893 1359    1
 894  939   29
 908 1332    4
 908 1412    1
 908 1543    1
 909  921    1
 909  960    2
 917  920    3
 917  960   43
 917  977    2
 920  921    3
 920  938    1
 920  958    4
 920 1423   18
 921  959    1
 921  977   90
 923  938    4
 923  998    4
 927  954    1
 927  970    5
 927  984   12
 927  991   12
 941 1518    1
 945  954  151
 945  984   21
 945  991    5
 954  984   14
 954  991   11
 954 1214    1
 958  991    1
 958 1345    2
 958 1423   24
 958 1512    1
 958 1518    1
 958 1594    1
 958 1819    2
 960 1332   27
 960 1894    1
 970  984    2
 970  991    6
 970 1339    1
 974 1359    1
 977 1359    1
 977 1423    1
 977 1518    2
 979  984    5
 984  991    1
1067 1201   16
1067 1212    8
1067 1214   12
1067 1216    1
1067 1218  105
1067 1237   20
1067 1238    3
1067 1260   12
1067 1324  271
1067 1336  169
1067 1339    2
1067 1345    1
1067 1359   15
1067 1401    1
1067 1512  463
1067 1518  165
1067 1543   81
1067 1594    5
1067 1819    2
1201 1204   48
1201 1212   15
1201 1214  602
1201 1216    1
1201 1218    1
1201 1228    1
1201 1237   52
1201 1295    7
1201 1320    1
1201 1324  101
1201 1332    4
1201 1336    2
1201 1339    1
1201 1342  374
1201 1345    1
1201 1359  484
1201 1485    2
1201 1512   12
1201 1518   76
1201 1594  159
1201 1819    1
1201 1828   30
1201 1894    1
1204 1212    6
1204 1214  201
1204 1216    4
1204 1218    1
1204 1228    7
1204 1237    2
1204 1238    2
1204 1295    4
1204 1320    2
1204 1324    2
1204 1332    2
1204 1336    7
1204 1339    1
1204 1342  545
1204 1359 1015
1204 1366   10
1204 1383    6
1204 1401    7
1204 1412    4
1204 1423   13
1204 1485    2
1204 1512    6
1204 1518    9
1204 1519    6
1204 1543    1
1204 1594    1
1204 1894   30
1212 1214  450
1212 1216   67
1212 1218    6
1212 1228   16
1212 1232    6
1212 1237   24
1212 1238    2
1212 1260    1
1212 1295  216
1212 1320   26
1212 1324   23
1212 1332  146
1212 1336   65
1212 1339  227
1212 1342   13
1212 1345  460
1212 1359   80
1212 1366    1
1212 1401   48
1212 1412    4
1212 1423   17
1212 1485    2
1212 1512  248
1212 1518  112
1212 1594  122
1212 1784    4
1212 1805   18
1212 1819    4
1212 1828   82
1212 1894    3
1214 1216   37
1214 1218    3
1214 1228    2
1214 1232   10
1214 1237   49
1214 1238    1
1214 1295   31
1214 1320    6
1214 1324  104
1214 1332   10
1214 1336    4
1214 1339   23
1214 1342    3
1214 1345    7
1214 1359  126
1214 1401    5
1214 1423   22
1214 1485    1
1214 1512   56
1214 1518   14
1214 1594   10
1214 1805    4
1214 1819    6
1214 1828    2
1214 1894    2
1216 1218    1
1216 1228    9
1216 1232    1
1216 1237    2
1216 1260    1
1216 1295   40
1216 1320   14
1216 1324    2
1216 1332    4
1216 1339   69
1216 1342   39
1216 1345    9
1216 1359   18
1216 1366    1
1216 1401   13
1216 1412    5
1216 1423    3
1216 1485    2
1216 1512  172
1216 1518    6
1216 1543    2
1216 1594   14
1216 1784    8
1216 1805  222
1216 1819    4
1216 1828    3
1216 1870    1
1216 1894    2
1218 1237    2
1218 1238  158
1218 1260    1
1218 1320    2
1218 1324  376
1218 1336    1
1218 1339    7
1218 1342    8
1218 1359    9
1218 1401    2
1218 1512  285
1218 1518  162
1218 1543    1
1218 1594    8
1218 1784    3
1218 1805   24
1218 1828    1
1218 1894    1
1228 1232  515
1228 1237    9
1228 1238    1
1228 1295   33
1228 1320   32
1228 1332   26
1228 1336    6
1228 1339    2
1228 1342    2
1228 1345   66
1228 1359   21
1228 1366    1
1228 1383    2
1228 1401  262
1228 1412   26
1228 1423   84
1228 1485    3
1228 1512    7
1228 1518   13
1228 1519   16
1228 1805    6
1228 1819    3
1228 1828    3
1228 1894    8
1232 1237    1
1232 1295   34
1232 1320    2
1232 1324    1
1232 1332    1
1232 1336    9
1232 1345    1
1232 1366    2
1232 1401    1
1232 1412    3
1232 1518    4
1232 1805    8
1232 1819    5
1232 1894   50
1237 1238    2
1237 1295    4
1237 1320    4
1237 1324  156
1237 1336  233
1237 1339    2
1237 1342    3
1237 1345    1
1237 1359   12
1237 1366    1
1237 1401    3
1237 1412    2
1237 1423  169
1237 1512    4
1237 1518    1
1237 1594    6
1237 1805   13
1237 1819    3
1237 1828   47
1238 1260  623
1238 1295    6
1238 1320    2
1238 1324  229
1238 1336   12
1238 1342    4
1238 1366    2
1238 1412    1
1238 1485    7
1238 1512    2
1238 1518    6
1238 1543  560
1238 1784    1
1238 1894   15
1260 1320    5
1260 1336    1
1260 1359    5
1260 1366    1
1260 1401    1
1260 1512    1
1260 1518   25
1260 1543  136
1260 1784  505
1295 1320   29
1295 1324    3
1295 1332    3
1295 1336    4
1295 1339  281
1295 1342   28
1295 1345   38
1295 1359   21
1295 1366    4
1295 1383    3
1295 1401   88
1295 1412   13
1295 1423    3
1295 1485    1
1295 1512  366
1295 1518   40
1295 1543    1
1295 1594   15
1295 1805  258
1295 1819    2
1295 1828    1
1295 1894   14
1320 1324    1
1320 1336    4
1320 1339    3
1320 1345    3
1320 1359  111
1320 1366    3
1320 1383   19
1320 1401   31
1320 1412    1
1320 1423   13
1320 1485    1
1320 1512    1
1320 1518  104
1320 1543   37
1320 1594    5
1320 1784   12
1320 1805    1
1320 1819    3
1324 1332   29
1324 1339    1
1324 1342   86
1324 1345  152
1324 1359   28
1324 1423   13
1324 1485   10
1324 1512    3
1324 1518  115
1324 1594  334
1324 1784    3
1324 1805    1
1324 1819    3
1324 1828   16
1332 1339    2
1332 1342    7
1332 1345    4
1332 1359    5
1332 1383    2
1332 1401  283
1332 1412   35
1332 1423   23
1332 1485    5
1332 1512   28
1332 1518    7
1332 1519    1
1332 1594    4
1332 1805    5
1332 1819  120
1332 1828  286
1332 1870   21
1332 1894   49
1336 1345    1
1336 1359    4
1336 1366   13
1336 1401    4
1336 1412    5
1336 1423   14
1336 1485    1
1336 1512    6
1336 1518   25
1336 1594    2
1336 1805    3
1336 1828    1
1336 1894    2
1339 1342    8
1339 1345   20
1339 1359   21
1339 1366    1
1339 1401    3
1339 1423    3
1339 1512  896
1339 1518   11
1339 1594    9
1339 1805   19
1339 1819    7
1339 1828    1
1339 1894    1
1342 1345    6
1342 1359 1207
1342 1383   10
1342 1401    3
1342 1412    4
1342 1423  222
1342 1485    1
1342 1512   33
1342 1518   51
1342 1519    9
1342 1594    5
1342 1805   42
1342 1828    2
1342 1870    1
1345 1359    4
1345 1401   20
1345 1412    7
1345 1423   28
1345 1512   26
1345 1518    3
1345 1519   37
1345 1543    2
1345 1594  139
1345 1784    1
1345 1805    8
1345 1819    2
1345 1828    3
1345 1870    1
1359 1366   16
1359 1383  626
1359 1401   35
1359 1412   10
1359 1423   65
1359 1485    8
1359 1512    5
1359 1518   56
1359 1519  134
1359 1543   44
1359 1594    3
1359 1784   18
1359 1805    7
1359 1819    2
1359 1870    1
1359 1894    4
1366 1401    1
1366 1412    2
1366 1423    2
1366 1512    1
1366 1518   15
1366 1543    9
1366 1784    3
1366 1819    3
1366 1894    1
1383 1401   17
1383 1423    2
1383 1518    3
1383 1543    2
1383 1594    1
1401 1412 1113
1401 1423   17
1401 1485    1
1401 1512   13
1401 1518   36
1401 1519    2
1401 1543    1
1401 1594    2
1401 1784    2
1401 1805   30
1401 1819    6
1401 1828    4
1401 1894    8
1412 1423  108
1412 1512    2
1412 1518   56
1412 1519    1
1412 1543    3
1412 1594    3
1412 1784   10
1412 1805   15
1412 1819    1
1412 1870    1
1412 1894    4
1423 1485   10
1423 1512    6
1423 1518  255
1423 1543    1
1423 1594   48
1423 1784   53
1423 1805    6
1423 1819   62
1423 1828    1
1423 1894    1
1485 1512   23
1485 1518   62
1485 1543  165
1485 1594    5
1485 1784    7
1485 1805   18
1485 1819    1
1485 1828    4
1485 1894   15
1512 1518  494
1512 1594   20
1512 1784    1
1512 1805  126
1512 1819    4
1512 1828    9
1512 1894   12
1518 1519    3
1518 1543  395
1518 1594   18
1518 1784  165
1518 1805    4
1518 1819    8
1518 1828    4
1518 1870    5
1518 1894    3
1519 1805    2
1519 1894    4
1543 1784   29
1543 1894   13
1594 1784    1
1594 1805    3
1594 1819  129
1594 1828 1285
1594 1894    2
1784 1828    2
1805 1819    1
1805 1828    1
1805 1870    1
1805 1894    5
1819 1894    1
1828 1894    2
1870 1894   29
